1593700974556 2.3136558532714844 0
1593700977001 2.1730194091796875 1
1593700979294 2.1341352462768555 2
1593700981564 2.008568286895752 3
1593700983844 1.3837066888809204 4
1593700986121 1.8433399200439453 5
1593700988370 2.357283353805542 6
1593700990599 2.1515612602233887 7
1593700992838 1.7313872575759888 8
1593700995109 1.100188136100769 9
1593700997377 0.9559610486030579 10
1593700999641 1.6420453786849976 11
1593701001895 1.4658515453338623 12
1593701004140 1.0286675691604614 13
1593701006395 0.7733970880508423 14
1593701008646 0.6713572144508362 15
1593701010974 0.6226912140846252 16
1593701013229 0.7700971364974976 17
1593701015492 0.617925763130188 18
1593701017741 0.570074737071991 19
1593701019997 0.6107529997825623 20
1593701022254 0.4558044373989105 21
1593701024521 0.43433448672294617 22
1593701026784 0.4173352122306824 23
1593701029048 0.4075378477573395 24
1593701031318 0.3984280228614807 25
1593701033572 0.47580569982528687 26
1593701035825 0.3885266184806824 27
1593701038091 0.34772685170173645 28
1593701040353 0.42967796325683594 29
1593701042620 0.422149658203125 30
1593701044914 0.40751904249191284 31
1593701047184 0.3501602113246918 32
1593701049440 0.304605633020401 33
1593701051698 0.2607487738132477 34
1593701053969 0.2599652409553528 35
1593701056234 0.37362420558929443 36
1593701058502 0.3091958463191986 37
1593701060766 0.3596203327178955 38
1593701063026 0.3920031189918518 39
1593701065302 0.4733416736125946 40
1593701067584 0.3616165220737457 41
1593701069857 0.24236638844013214 42
1593701072116 0.2837636172771454 43
1593701074377 0.26099711656570435 44
1593701076638 0.23559731245040894 45
1593701078904 0.23594343662261963 46
1593701081157 0.24385356903076172 47
1593701083429 0.2740572690963745 48
1593701085692 0.29777106642723083 49
1593701087948 0.23837295174598694 50
1593701090212 0.25967204570770264 51
1593701092505 0.19966715574264526 52
1593701094800 0.17245814204216003 53
1593701097089 0.17449398338794708 54
1593701099369 0.16893568634986877 55
1593701101636 0.15734852850437164 56
1593701103938 0.1267419308423996 57
1593701105786 0.1935911327600479 58
