1593701438590 2.3061234951019287 0
1593701439136 2.5458719730377197 1
1593701439629 2.2821364402770996 2
1593701440117 2.0326669216156006 3
1593701440619 1.823947787284851 4
1593701441120 1.8305290937423706 5
1593701441614 1.9290512800216675 6
1593701442108 1.6902741193771362 7
1593701442600 1.1291497945785522 8
1593701443090 1.373416781425476 9
1593701443576 1.4501830339431763 10
1593701444062 1.333762288093567 11
1593701444546 0.9013743996620178 12
1593701445035 0.880269467830658 13
1593701445519 0.8350852727890015 14
1593701446009 0.7739971280097961 15
1593701446496 0.8201344013214111 16
1593701446987 0.669553279876709 17
1593701447475 0.7276738286018372 18
1593701447959 0.6230400800704956 19
1593701448448 0.6164624094963074 20
1593701448943 0.4798215925693512 21
1593701449436 0.5569263100624084 22
1593701449929 0.46007663011550903 23
1593701450418 0.5832778215408325 24
1593701450905 0.4407820999622345 25
1593701451394 0.48312273621559143 26
1593701451881 0.6023921370506287 27
1593701452371 0.6207388639450073 28
1593701452854 0.3813830614089966 29
1593701453336 0.48192670941352844 30
1593701453828 0.4791381359100342 31
1593701454321 0.5538832545280457 32
1593701454810 0.4754246473312378 33
1593701455302 0.6167413592338562 34
1593701455789 0.33529573678970337 35
1593701456274 0.3816235065460205 36
1593701456763 0.28578075766563416 37
1593701457245 0.3120173513889313 38
1593701457731 0.37597495317459106 39
1593701458218 0.21548022329807281 40
1593701458713 0.19835062325000763 41
1593701459199 0.3028363883495331 42
1593701459688 0.3047932982444763 43
1593701460175 0.2625811994075775 44
1593701460663 0.541982889175415 45
1593701461150 0.456339955329895 46
1593701461639 0.3952203094959259 47
1593701462125 0.35824498534202576 48
1593701462617 0.44712159037590027 49
1593701463103 0.3702217936515808 50
1593701463595 0.29584190249443054 51
1593701464081 0.18779686093330383 52
1593701464567 0.27298372983932495 53
1593701465053 0.3517632484436035 54
1593701465539 0.39946699142456055 55
1593701466026 0.3057091236114502 56
1593701466519 0.4024149775505066 57
1593701467001 0.2415018081665039 58
1593701467484 0.33018019795417786 59
1593701467974 0.2543434500694275 60
1593701468466 0.2866656482219696 61
1593701468955 0.38333746790885925 62
1593701469438 0.26266735792160034 63
1593701469924 0.2018962949514389 64
1593701470411 0.244869664311409 65
1593701470894 0.30315807461738586 66
1593701471385 0.19988873600959778 67
1593701471869 0.2825513780117035 68
1593701472347 0.3711076080799103 69
1593701472834 0.2498200684785843 70
1593701473319 0.19155986607074738 71
1593701473810 0.17245328426361084 72
1593701474288 0.1325409710407257 73
1593701474772 0.22145405411720276 74
1593701475256 0.31747281551361084 75
1593701475739 0.17034216225147247 76
1593701476224 0.18460595607757568 77
1593701476707 0.29756173491477966 78
1593701477198 0.15323558449745178 79
1593701477683 0.22080004215240479 80
1593701478171 0.3217000961303711 81
1593701478664 0.23957067728042603 82
1593701479162 0.20839183032512665 83
1593701479658 0.21292726695537567 84
1593701480152 0.17053772509098053 85
1593701480637 0.2305411994457245 86
1593701481120 0.20668497681617737 87
1593701481609 0.31789493560791016 88
1593701482093 0.23476003110408783 89
1593701482582 0.1621932089328766 90
1593701483080 0.16931448876857758 91
1593701483565 0.13436375558376312 92
1593701484055 0.2675416171550751 93
1593701484546 0.17610761523246765 94
1593701485035 0.10576876997947693 95
1593701485530 0.2098831832408905 96
1593701486024 0.15080255270004272 97
1593701486512 0.21574242413043976 98
1593701486999 0.14380717277526855 99
1593701487492 0.18802769482135773 100
1593701487982 0.1835021823644638 101
1593701488467 0.14413005113601685 102
1593701488957 0.23000892996788025 103
1593701489440 0.36627674102783203 104
1593701489924 0.16980238258838654 105
1593701490413 0.2539691627025604 106
1593701490898 0.20291739702224731 107
1593701491386 0.1630105823278427 108
1593701491865 0.14518621563911438 109
1593701492350 0.20284448564052582 110
1593701492842 0.16561122238636017 111
1593701493334 0.128497913479805 112
1593701493824 0.20003144443035126 113
1593701494310 0.16826878488063812 114
1593701494796 0.14351533353328705 115
1593701495280 0.2370513677597046 116
1593701495768 0.3152328133583069 117
1593701496247 0.14982931315898895 118
1593701496734 0.1799432784318924 119
1593701497223 0.18053369224071503 120
1593701497716 0.15553638339042664 121
1593701498214 0.2504158616065979 122
1593701498706 0.22822335362434387 123
1593701499196 0.15737232565879822 124
1593701499685 0.15397189557552338 125
1593701500177 0.26485705375671387 126
1593701500666 0.14693321287631989 127
1593701501149 0.20301643013954163 128
1593701501638 0.15609660744667053 129
1593701502129 0.14446847140789032 130
1593701502619 0.15058700740337372 131
1593701503110 0.06074212118983269 132
1593701503601 0.08461955934762955 133
1593701504090 0.13966338336467743 134
1593701504579 0.21123604476451874 135
1593701505068 0.20299731194972992 136
1593701505552 0.11798367649316788 137
1593701506036 0.14441601932048798 138
1593701506515 0.11780784279108047 139
1593701507003 0.2221461981534958 140
1593701507499 0.13626691699028015 141
1593701507981 0.19524610042572021 142
1593701508468 0.2302006185054779 143
1593701508953 0.1708574891090393 144
1593701509446 0.21675942838191986 145
1593701509940 0.2258099466562271 146
1593701510431 0.26265284419059753 147
1593701510918 0.12183217704296112 148
1593701511401 0.1569104641675949 149
1593701511885 0.2083602398633957 150
1593701512372 0.1443643420934677 151
1593701512851 0.10051017254590988 152
1593701513338 0.2659582793712616 153
1593701513828 0.27085456252098083 154
1593701514314 0.1953466534614563 155
1593701514801 0.1783115714788437 156
1593701515293 0.1404212862253189 157
1593701515780 0.18368381261825562 158
1593701516258 0.12498629838228226 159
1593701516743 0.15026704967021942 160
1593701517228 0.218073770403862 161
1593701517715 0.14649677276611328 162
1593701518199 0.12770086526870728 163
1593701518689 0.17240555584430695 164
1593701519174 0.19082500040531158 165
1593701519666 0.1627182513475418 166
1593701520153 0.23632469773292542 167
1593701520634 0.16606269776821136 168
1593701521117 0.12721461057662964 169
1593701521604 0.1445874124765396 170
1593701522091 0.14816856384277344 171
1593701522581 0.10383269935846329 172
1593701523074 0.15534983575344086 173
1593701523561 0.11761921644210815 174
1593701524045 0.17281362414360046 175
1593701524532 0.11304756253957748 176
1593701525022 0.149943545460701 177
1593701525518 0.19190147519111633 178
1593701525996 0.1793273538351059 179
1593701526485 0.23016217350959778 180
1593701526987 0.15950648486614227 181
1593701527486 0.14855055510997772 182
1593701527968 0.13449223339557648 183
1593701528452 0.2015255093574524 184
1593701528941 0.21104460954666138 185
1593701529438 0.11750423908233643 186
1593701529938 0.16719289124011993 187
1593701530427 0.09783735126256943 188
1593701530921 0.11179148405790329 189
1593701531406 0.08487235754728317 190
1593701531894 0.23320823907852173 191
1593701532383 0.17687655985355377 192
1593701532876 0.2934412658214569 193
1593701533367 0.16048811376094818 194
1593701533856 0.1036156490445137 195
1593701534340 0.23882471024990082 196
1593701534830 0.200485497713089 197
1593701535314 0.18556155264377594 198
1593701535789 0.07694070786237717 199
1593701536269 0.11132695525884628 200
1593701536770 0.11840257793664932 201
1593701537265 0.13513796031475067 202
1593701537759 0.1930294781923294 203
1593701538246 0.11919325590133667 204
1593701538737 0.14081601798534393 205
1593701539222 0.2695339620113373 206
1593701539705 0.1469949185848236 207
1593701540185 0.06000078469514847 208
1593701540663 0.11737900227308273 209
1593701541143 0.16416282951831818 210
1593701541685 0.08717656880617142 211
1593701542172 0.08974374085664749 212
1593701542668 0.11363683640956879 213
1593701543161 0.09469444304704666 214
1593701543648 0.07343412935733795 215
1593701544132 0.12647517025470734 216
1593701544617 0.13041813671588898 217
1593701545110 0.10104601830244064 218
1593701545593 0.09885921329259872 219
1593701546082 0.12732216715812683 220
1593701546573 0.11735071986913681 221
1593701547077 0.08485373109579086 222
1593701547578 0.06588562577962875 223
1593701548081 0.09491489082574844 224
1593701548589 0.1384432166814804 225
1593701549102 0.10954779386520386 226
1593701549603 0.04643598198890686 227
1593701550139 0.047061461955308914 228
1593701550718 0.052016619592905045 229
1593701551220 0.023970406502485275 230
1593701551736 0.054793696850538254 231
1593701552264 0.031207414343953133 232
1593701552883 0.2914826273918152 233
1593701553329 0.4115981161594391 234
