1593701312138 2.3085782527923584 0
1593701313174 2.3052561283111572 1
1593701314137 2.234055995941162 2
1593701315093 2.037522315979004 3
1593701316052 1.531355857849121 4
1593701317012 1.5071173906326294 5
1593701317969 2.249932289123535 6
1593701318920 1.9051605463027954 7
1593701319862 1.3407940864562988 8
1593701320815 1.042030692100525 9
1593701321762 1.1386650800704956 10
1593701322700 1.0554989576339722 11
1593701323635 0.7609886527061462 12
1593701324573 0.837105929851532 13
1593701325519 0.98252934217453 14
1593701326451 0.8646565079689026 15
1593701327385 0.6470693349838257 16
1593701328318 0.6308419704437256 17
1593701329261 0.6647371053695679 18
1593701330190 0.6032971143722534 19
1593701331119 0.42587146162986755 20
1593701332055 0.4034505784511566 21
1593701332990 0.4830300509929657 22
1593701333930 0.5097782611846924 23
1593701334869 0.7650366425514221 24
1593701335795 0.7214632630348206 25
1593701336747 0.5707669854164124 26
1593701337695 0.4859485924243927 27
1593701338631 0.48531219363212585 28
1593701339561 0.3535992205142975 29
1593701340504 0.3580954372882843 30
1593701341455 0.37027695775032043 31
1593701342402 0.322207510471344 32
1593701343354 0.3228977620601654 33
1593701344295 0.4047660827636719 34
1593701345290 0.24828845262527466 35
1593701346230 0.2449934333562851 36
1593701347160 0.33229687809944153 37
1593701348092 0.22256824374198914 38
1593701349032 0.30656808614730835 39
1593701349964 0.39702340960502625 40
1593701350909 0.31233254075050354 41
1593701351844 0.22305212914943695 42
1593701352773 0.2460726797580719 43
1593701353709 0.3236611783504486 44
1593701354655 0.3017527759075165 45
1593701355586 0.2964444160461426 46
1593701356518 0.2020665854215622 47
1593701357453 0.23843668401241302 48
1593701358389 0.21858492493629456 49
1593701359325 0.217882439494133 50
1593701360278 0.25236326456069946 51
1593701361215 0.3571886420249939 52
1593701362148 0.285786896944046 53
1593701363091 0.20967607200145721 54
1593701364021 0.23508036136627197 55
1593701364957 0.19927337765693665 56
1593701365901 0.1979430615901947 57
1593701366838 0.3186100721359253 58
1593701367770 0.22876881062984467 59
1593701368703 0.23342522978782654 60
1593701369636 0.27806490659713745 61
1593701370579 0.20143090188503265 62
1593701371511 0.22086504101753235 63
1593701372450 0.19761629402637482 64
1593701373385 0.21473613381385803 65
1593701374315 0.11995936930179596 66
1593701375252 0.22858315706253052 67
1593701376185 0.23003226518630981 68
1593701377121 0.16585414111614227 69
1593701378053 0.19501426815986633 70
1593701378988 0.2254454642534256 71
1593701379926 0.2888166308403015 72
1593701380862 0.29162031412124634 73
1593701381803 0.1895199418067932 74
1593701382730 0.18658827245235443 75
1593701383663 0.19511473178863525 76
1593701384591 0.1898825317621231 77
1593701385522 0.15622709691524506 78
1593701386455 0.15931953489780426 79
1593701387382 0.21490304172039032 80
1593701388317 0.16008993983268738 81
1593701389251 0.15292291343212128 82
1593701390188 0.202095627784729 83
1593701391118 0.1468922346830368 84
1593701392046 0.15774396061897278 85
1593701392978 0.2163487821817398 86
1593701393910 0.19217780232429504 87
1593701394846 0.21505770087242126 88
1593701395771 0.234927698969841 89
1593701396715 0.24034658074378967 90
1593701397649 0.14569228887557983 91
1593701398594 0.2422940731048584 92
1593701399535 0.16334162652492523 93
1593701400473 0.12900452315807343 94
1593701401412 0.23699022829532623 95
1593701402362 0.28764641284942627 96
1593701403300 0.16204018890857697 97
1593701404243 0.3001202344894409 98
1593701405176 0.14060108363628387 99
1593701406120 0.12757985293865204 100
1593701407060 0.16825516521930695 101
1593701407994 0.10599613934755325 102
1593701408932 0.1941165030002594 103
1593701409871 0.13951513171195984 104
1593701410802 0.15241536498069763 105
1593701411733 0.11518262326717377 106
1593701412672 0.14900128543376923 107
1593701413612 0.18804125487804413 108
1593701414542 0.12719471752643585 109
1593701415471 0.14847734570503235 110
1593701416406 0.11283448338508606 111
1593701417345 0.14328229427337646 112
1593701418282 0.06339025497436523 113
1593701419229 0.07223249226808548 114
1593701420163 0.09016748517751694 115
1593701421110 0.14318647980690002 116
1593701421779 0.31970685720443726 117
